"query","search interest","increase percent"
"full service contract manufacturing",4,"Breakout"
"what is contract manufacturing",87,"300%"
"toll manufacturing",37,"9%"
"contract manufacturing companies",65,"5%"
"pharmaceutical contract manufacturing",27,"-10%"
"contract manufacturing adalah",100,"-20%"
"medical device contract manufacturing",18,"-40%"
"medical contract manufacturing",39,"-40%"
"electronic contract manufacturing",9,"-60%"
"toll manufacturing vs contract manufacturing",7,"-70%"